# ----- Rotor performance tables for the WEIS Turbine wind turbine ----- 
# ------------ Written on Feb-15-23 using the ROSCO toolbox ------------ 

# Pitch angle vector, 20 entries - x axis (matrix columns) (deg)
-5.0   -3.158   -1.316   0.5263   2.368   4.211   6.053   7.895   9.737   11.58   13.42   15.26   17.11   18.95   20.79   22.63   24.47   26.32   28.16   30.0   
# TSR vector, 20 entries - y axis (matrix rows) (-)
2.0    2.526    3.053    3.579    4.105    4.632    5.158    5.684    6.211    6.737    7.263    7.789    8.316    8.842    9.368    9.895    10.42    10.95    11.47    12.0    
# Wind speed vector - z axis (m/s)
8.47    

# Power coefficient

0.018001   0.020943   0.023996   0.027160   0.030436   0.033832   0.037427   0.041358   0.045498   0.049744   0.054029   0.057988   0.061053   0.062701   0.062551   0.060585   0.057114   0.052515   0.047069   0.040957   
0.035806   0.040800   0.045975   0.051473   0.057647   0.064246   0.071127   0.078053   0.084196   0.088632   0.090620   0.089659   0.085934   0.080150   0.072907   0.064551   0.055322   0.045413   0.034972   0.024083   
0.060432   0.068517   0.077796   0.087834   0.098421   0.108650   0.117048   0.122339   0.123607   0.120489   0.113867   0.104829   0.094000   0.081806   0.068556   0.054478   0.039730   0.024402   0.008547   -0.007839   
0.093531   0.107603   0.122782   0.137710   0.150237   0.158468   0.161126   0.157846   0.149723   0.138198   0.124201   0.108318   0.090986   0.072481   0.053035   0.032806   0.011860   -0.009835   -0.032321   -0.054917   
0.138569   0.159640   0.178864   0.193341   0.200876   0.200845   0.193901   0.181615   0.165607   0.146793   0.125790   0.103033   0.078832   0.053505   0.027214   -0.000067   -0.028474   -0.057951   -0.087101   -0.113335   
0.194994   0.219150   0.236070   0.243752   0.242578   0.233284   0.217731   0.197807   0.174470   0.148383   0.120045   0.089880   0.058307   0.025462   -0.008787   -0.044635   -0.081974   -0.118913   -0.151980   -0.179080   
0.255439   0.276134   0.286077   0.285833   0.275993   0.258508   0.235594   0.208367   0.177552   0.143794   0.107648   0.069625   0.029884   -0.011777   -0.055593   -0.101540   -0.147689   -0.189743   -0.224394   -0.251733   
0.310088   0.324973   0.328364   0.320529   0.303149   0.278756   0.248818   0.214142   0.175541   0.133728   0.089307   0.042563   -0.006713   -0.058787   -0.113763   -0.170242   -0.223612   -0.268628   -0.304541   -0.332805   
0.355221   0.365799   0.363474   0.349293   0.325821   0.295093   0.258105   0.215811   0.169118   0.118755   0.065211   0.008405   -0.051942   -0.116009   -0.183209   -0.249598   -0.308315   -0.355997   -0.393748   -0.425022   
0.390557   0.398733   0.392339   0.373548   0.344978   0.308139   0.264105   0.213983   0.158722   0.099026   0.035125   -0.033192   -0.106138   -0.183651   -0.263432   -0.338691   -0.402053   -0.452823   -0.494145   -0.530681   
0.415428   0.424120   0.415981   0.394188   0.361210   0.318485   0.267340   0.209019   0.144500   0.074404   -0.001197   -0.082482   -0.169534   -0.261700   -0.354101   -0.437349   -0.505664   -0.560502   -0.608053   -0.651336   
0.429294   0.442339   0.435124   0.411773   0.374994   0.326572   0.268133   0.201061   0.126406   0.044717   -0.043939   -0.139662   -0.242400   -0.350161   -0.455133   -0.546059   -0.619975   -0.681223   -0.737148   -0.788031   
0.433613   0.453552   0.450193   0.426667   0.386691   0.332689   0.266633   0.190139   0.104341   0.009840   -0.093267   -0.204969   -0.324999   -0.449206   -0.566531   -0.665569   -0.746515   -0.816837   -0.882509   -0.941526   
0.429661   0.457770   0.461317   0.439095   0.396545   0.336984   0.262896   0.176219   0.078234   -0.030348   -0.149370   -0.278733   -0.417600   -0.559022   -0.688580   -0.797056   -0.886905   -0.968641   -1.044697   -1.112876   
0.418882   0.455389   0.468410   0.449179   0.404677   0.339532   0.256950   0.159267   0.048010   -0.075995   -0.212492   -0.361337   -0.520484   -0.679659   -0.822285   -0.941574   -1.042682   -1.137135   -1.224525   -1.303423   
0.404003   0.446123   0.471178   0.456932   0.411140   0.340372   0.248803   0.139249   0.013569   -0.127285   -0.282926   -0.453136   -0.633784   -0.811664   -0.968650   -1.100320   -1.214617   -1.323065   -1.423176   -1.514266   
0.385938   0.432307   0.469005   0.462273   0.415948   0.339532   0.238448   0.116112   -0.025216   -0.184426   -0.360995   -0.554333   -0.757880   -0.955766   -1.128759   -1.273983   -1.403476   -1.527651   -1.641566   -1.746440   
0.365001   0.416423   0.461122   0.465035   0.419095   0.337032   0.225861   0.089784   -0.068499   -0.247649   -0.446988   -0.665037   -0.893511   -1.112821   -1.303220   -1.463214   -1.610475   -1.751789   -1.880461   -2.001129   
0.341342   0.398682   0.448799   0.464959   0.420561   0.332866   0.211005   0.060167   -0.116442   -0.317197   -0.541063   -0.785785   -1.041300   -1.283666   -1.492217   -1.669241   -1.836542   -1.996100   -2.140853   -2.279530   
0.315259   0.379482   0.433872   0.461650   0.420298   0.327009   0.193830   0.027151   -0.169217   -0.393267   -0.643354   -0.917224   -1.202101   -1.468507   -1.696413   -1.893251   -2.082239   -2.261370   -2.423881   -2.582800   


#  Thrust coefficient

0.057050   0.058705   0.060470   0.062352   0.064350   0.066457   0.068631   0.070747   0.072692   0.074458   0.076087   0.077395   0.078036   0.077597   0.075659   0.072120   0.067235   0.061365   0.054786   0.047688   
0.084300   0.087667   0.091200   0.094842   0.098379   0.101625   0.104646   0.107462   0.109661   0.110704   0.109902   0.106553   0.100700   0.092999   0.084026   0.074134   0.063575   0.052541   0.041162   0.029536   
0.122480   0.127960   0.133172   0.137945   0.142506   0.146628   0.149599   0.150497   0.148125   0.141792   0.132274   0.120615   0.107442   0.093208   0.078231   0.062707   0.046776   0.030570   0.014200   -0.002269   
0.171520   0.178336   0.184848   0.190961   0.195727   0.197656   0.195082   0.187155   0.174812   0.159467   0.142061   0.123226   0.103400   0.082817   0.061669   0.040176   0.018504   -0.003281   -0.025127   -0.046319   
0.229978   0.238649   0.246484   0.251407   0.250992   0.244013   0.230731   0.212676   0.191488   0.168135   0.143259   0.117253   0.090376   0.062968   0.035311   0.007511   -0.020431   -0.048340   -0.074803   -0.097334   
0.298864   0.308672   0.313301   0.310278   0.299519   0.281415   0.257861   0.230809   0.201253   0.169855   0.137082   0.103348   0.069122   0.034670   0.000036   -0.034790   -0.069524   -0.102272   -0.129760   -0.150159   
0.377030   0.381419   0.376576   0.362967   0.340829   0.312179   0.279326   0.243390   0.205103   0.165145   0.124100   0.082494   0.040606   -0.001545   -0.043933   -0.086284   -0.126635   -0.160990   -0.186498   -0.203581   
0.455769   0.450098   0.434779   0.409795   0.376801   0.338445   0.296194   0.250908   0.203517   0.154789   0.105288   0.055367   0.005076   -0.045514   -0.096168   -0.145347   -0.188766   -0.221890   -0.244510   -0.258234   
0.530127   0.514393   0.488158   0.452151   0.409033   0.360897   0.308828   0.253976   0.197331   0.139547   0.081083   0.022098   -0.037285   -0.096824   -0.155618   -0.209922   -0.253771   -0.284735   -0.304364   -0.315524   
0.599893   0.574457   0.537579   0.491207   0.438096   0.379896   0.317902   0.253343   0.187094   0.119728   0.051592   -0.017113   -0.086103   -0.154841   -0.220937   -0.278390   -0.321283   -0.349829   -0.367126   -0.376385   
0.664926   0.630625   0.583792   0.527489   0.464395   0.396095   0.324039   0.249429   0.173047   0.095452   0.017002   -0.061950   -0.140911   -0.218790   -0.291079   -0.349992   -0.391498   -0.417774   -0.433904   -0.441130   
0.724931   0.683047   0.627212   0.561465   0.488492   0.410006   0.327586   0.242427   0.155329   0.066881   -0.022421   -0.112049   -0.201314   -0.287988   -0.365351   -0.424626   -0.464607   -0.489724   -0.505225   -0.509660   
0.780684   0.731697   0.668280   0.593626   0.510806   0.421921   0.328725   0.232489   0.134082   0.034233   -0.066403   -0.167109   -0.266953   -0.361979   -0.443208   -0.502436   -0.541370   -0.566444   -0.581058   -0.581583   
0.833118   0.776782   0.707376   0.624282   0.531591   0.432011   0.327592   0.219745   0.109482   -0.002276   -0.114706   -0.226933   -0.337512   -0.440372   -0.524412   -0.583943   -0.622536   -0.648194   -0.660939   -0.656767   
0.883553   0.819056   0.744639   0.653611   0.550993   0.440406   0.324319   0.204336   0.081702   -0.042465   -0.167162   -0.291394   -0.412715   -0.522703   -0.609368   -0.669538   -0.708659   -0.734547   -0.744747   -0.735314   
0.933762   0.858896   0.780012   0.681697   0.569119   0.447225   0.319029   0.186403   0.050887   -0.086201   -0.223656   -0.360351   -0.492189   -0.608995   -0.698460   -0.759665   -0.799576   -0.825360   -0.832652   -0.817126   
0.984397   0.897784   0.813229   0.708569   0.586057   0.452580   0.311835   0.166067   0.017149   -0.133377   -0.284112   -0.433546   -0.575810   -0.699428   -0.792116   -0.854228   -0.895216   -0.920907   -0.924525   -0.902083   
1.035762   0.937012   0.843986   0.734217   0.601893   0.456575   0.302834   0.143425   -0.019431   -0.183914   -0.348432   -0.510659   -0.663784   -0.794303   -0.890289   -0.953148   -0.995940   -1.021136   -1.020108   -0.990226   
1.087996   0.976749   0.872968   0.758585   0.616699   0.459293   0.292110   0.118548   -0.058785   -0.237758   -0.416406   -0.591774   -0.756229   -0.893841   -0.992570   -1.056858   -1.101813   -1.125768   -1.119339   -1.081669   
1.141224   1.017124   0.901163   0.781545   0.630530   0.460794   0.279730   0.091491   -0.100855   -0.294813   -0.487820   -0.677065   -0.853456   -0.997680   -1.099019   -1.165709   -1.212583   -1.234700   -1.222267   -1.176512   


# Torque coefficient

0.009018   0.010492   0.012021   0.013607   0.015248   0.016949   0.018750   0.020720   0.022794   0.024921   0.027068   0.029051   0.030587   0.031412   0.031337   0.030352   0.028613   0.026309   0.023581   0.020519   
0.014201   0.016182   0.018234   0.020415   0.022864   0.025481   0.028210   0.030957   0.033393   0.035153   0.035941   0.035560   0.034082   0.031789   0.028916   0.025602   0.021942   0.018011   0.013870   0.009552   
0.019836   0.022490   0.025535   0.028830   0.032305   0.035662   0.038419   0.040156   0.040572   0.039548   0.037375   0.034408   0.030854   0.026851   0.022502   0.017881   0.013041   0.008010   0.002805   -0.002573   
0.026185   0.030125   0.034374   0.038554   0.042061   0.044365   0.045109   0.044191   0.041917   0.038690   0.034772   0.030325   0.025473   0.020292   0.014848   0.009184   0.003320   -0.002753   -0.009049   -0.015375   
0.033821   0.038963   0.043655   0.047189   0.049028   0.049020   0.047325   0.044327   0.040420   0.035828   0.030701   0.025147   0.019240   0.013059   0.006642   -0.000016   -0.006950   -0.014144   -0.021259   -0.027662   
0.042184   0.047410   0.051070   0.052732   0.052478   0.050467   0.047103   0.042793   0.037744   0.032100   0.025970   0.019444   0.012614   0.005508   -0.001901   -0.009656   -0.017734   -0.025725   -0.032878   -0.038741   
0.049622   0.053642   0.055573   0.055526   0.053614   0.050218   0.045766   0.040477   0.034491   0.027933   0.020912   0.013525   0.005805   -0.002288   -0.010800   -0.019725   -0.028690   -0.036859   -0.043591   -0.048902   
0.054660   0.057284   0.057882   0.056500   0.053437   0.049137   0.043860   0.037747   0.030943   0.023573   0.015742   0.007503   -0.001183   -0.010362   -0.020053   -0.030009   -0.039417   -0.047352   -0.053682   -0.058664   
0.057309   0.059016   0.058641   0.056353   0.052566   0.047609   0.041641   0.034818   0.027284   0.019159   0.010521   0.001356   -0.008380   -0.018716   -0.029558   -0.040269   -0.049742   -0.057434   -0.063525   -0.068571   
0.058088   0.059304   0.058353   0.055558   0.051309   0.045829   0.039280   0.031826   0.023607   0.014728   0.005224   -0.004937   -0.015786   -0.027314   -0.039180   -0.050374   -0.059797   -0.067348   -0.073494   -0.078928   
0.057309   0.058508   0.057386   0.054379   0.049830   0.043936   0.036880   0.028835   0.019934   0.010264   -0.000165   -0.011379   -0.023388   -0.036102   -0.048849   -0.060333   -0.069758   -0.077323   -0.083882   -0.089853   
0.055221   0.056899   0.055971   0.052967   0.048236   0.042007   0.034490   0.025863   0.016260   0.005752   -0.005652   -0.017965   -0.031180   -0.045042   -0.058544   -0.070240   -0.079748   -0.087627   -0.094820   -0.101366   
0.052246   0.054649   0.054244   0.051409   0.046592   0.040086   0.032127   0.022910   0.012572   0.001186   -0.011238   -0.024697   -0.039159   -0.054125   -0.068261   -0.080194   -0.089948   -0.098421   -0.106334   -0.113445   
0.048688   0.051874   0.052276   0.049757   0.044936   0.038186   0.029791   0.019969   0.008865   -0.003439   -0.016926   -0.031585   -0.047322   -0.063347   -0.078029   -0.090321   -0.100502   -0.109765   -0.118383   -0.126109   
0.044800   0.048705   0.050097   0.048041   0.043281   0.036314   0.027481   0.017034   0.005135   -0.008128   -0.022726   -0.038646   -0.055667   -0.072691   -0.087945   -0.100703   -0.111517   -0.121619   -0.130965   -0.139404   
0.040911   0.045176   0.047713   0.046270   0.041633   0.034467   0.025195   0.014101   0.001374   -0.012889   -0.028650   -0.045886   -0.064179   -0.082192   -0.098088   -0.111422   -0.122996   -0.133978   -0.144115   -0.153339   
0.037107   0.041566   0.045094   0.044447   0.039993   0.032646   0.022926   0.011164   -0.002425   -0.017732   -0.034709   -0.053298   -0.072869   -0.091896   -0.108529   -0.122492   -0.134942   -0.146882   -0.157834   -0.167918   
0.033407   0.038114   0.042205   0.042563   0.038358   0.030847   0.020672   0.008218   -0.006269   -0.022666   -0.040911   -0.060868   -0.081780   -0.101852   -0.119279   -0.133922   -0.147401   -0.160335   -0.172111   -0.183156   
0.029809   0.034816   0.039193   0.040604   0.036727   0.029068   0.018427   0.005254   -0.010169   -0.027700   -0.047250   -0.068621   -0.090934   -0.112100   -0.130312   -0.145771   -0.160381   -0.174315   -0.186956   -0.199066   
0.026323   0.031686   0.036227   0.038547   0.035094   0.027304   0.016184   0.002267   -0.014129   -0.032837   -0.053718   -0.076586   -0.100372   -0.122617   -0.141646   -0.158082   -0.173862   -0.188819   -0.202388   -0.215657   

