# ----- Rotor performance tables for the WEIS Turbine wind turbine ----- 
# ------------ Written on Feb-15-23 using the ROSCO toolbox ------------ 

# Pitch angle vector, 20 entries - x axis (matrix columns) (deg)
-5.0   -3.158   -1.316   0.5263   2.368   4.211   6.053   7.895   9.737   11.58   13.42   15.26   17.11   18.95   20.79   22.63   24.47   26.32   28.16   30.0   
# TSR vector, 20 entries - y axis (matrix rows) (-)
2.0    2.526    3.053    3.579    4.105    4.632    5.158    5.684    6.211    6.737    7.263    7.789    8.316    8.842    9.368    9.895    10.42    10.95    11.47    12.0    
# Wind speed vector - z axis (m/s)
8.47    

# Power coefficient

0.002698   0.004096   0.005511   0.006944   0.008408   0.009924   0.011519   0.013225   0.015069   0.017072   0.019264   0.021689   0.024438   0.027993   0.032997   0.037291   0.039254   0.039240   0.037296   0.033664   
0.005377   0.007658   0.010019   0.012502   0.015161   0.018045   0.021187   0.024629   0.028435   0.032723   0.038230   0.046365   0.053249   0.055862   0.055185   0.051461   0.045394   0.037803   0.029331   0.020281   
0.009127   0.012811   0.016768   0.021080   0.025797   0.030976   0.036711   0.043221   0.051741   0.064105   0.073099   0.075273   0.072373   0.065535   0.055984   0.044749   0.032570   0.019724   0.006275   -0.007834   
0.014305   0.020174   0.026604   0.033659   0.041446   0.050078   0.060389   0.075234   0.091430   0.096579   0.093667   0.085311   0.073157   0.058497   0.042425   0.025474   0.007735   -0.010895   -0.030492   -0.049977   
0.021327   0.030270   0.040096   0.050877   0.062356   0.076893   0.098440   0.116430   0.118372   0.111494   0.098726   0.081778   0.062122   0.041006   0.018861   -0.004390   -0.028976   -0.054806   -0.079848   -0.101456   
0.030398   0.043300   0.056878   0.070817   0.089655   0.117261   0.139085   0.140283   0.131047   0.114829   0.093545   0.068968   0.042596   0.014871   -0.014416   -0.045560   -0.078405   -0.110316   -0.137681   -0.158951   
0.041230   0.057207   0.073316   0.095855   0.128622   0.158107   0.162611   0.153001   0.134671   0.109877   0.080706   0.049016   0.015477   -0.020171   -0.058266   -0.098782   -0.139115   -0.174160   -0.205089   -0.199868   
0.050059   0.068098   0.092847   0.130423   0.169105   0.183703   0.176680   0.158290   0.131433   0.098501   0.061759   0.022412   -0.019683   -0.064886   -0.113361   -0.163264   -0.208611   -0.248252   -0.261827   -0.247398   
0.053649   0.078450   0.120652   0.166842   0.198581   0.199902   0.184462   0.157846   0.122769   0.081849   0.037043   -0.011292   -0.063500   -0.119837   -0.179536   -0.237446   -0.287190   -0.329898   -0.315823   -0.309289   
0.051981   0.095565   0.150280   0.197349   0.218151   0.210374   0.187380   0.152806   0.109529   0.060232   0.006216   -0.052579   -0.116420   -0.185254   -0.256095   -0.320527   -0.378054   -0.402040   -0.384838   -0.381158   
0.051984   0.116642   0.174453   0.220772   0.231178   0.216565   0.186369   0.143824   0.092042   0.033469   -0.031101   -0.101804   -0.178757   -0.261075   -0.342523   -0.413836   -0.479375   -0.472295   -0.463605   -0.468401   
0.057936   0.133149   0.193511   0.237237   0.239795   0.219282   0.181976   0.131195   0.070275   0.001290   -0.075191   -0.159245   -0.250812   -0.347226   -0.438772   -0.519901   -0.580975   -0.562661   -0.559438   -0.568266   
0.063835   0.140651   0.208931   0.247859   0.245037   0.219019   0.174468   0.115019   0.044067   -0.036525   -0.126298   -0.225207   -0.332837   -0.443817   -0.545459   -0.639714   -0.684514   -0.669129   -0.671250   -0.680911   
0.063547   0.141296   0.219938   0.253959   0.247425   0.216038   0.163964   0.095256   0.013271   -0.080183   -0.184682   -0.300076   -0.425085   -0.551014   -0.663932   -0.771571   -0.788487   -0.784700   -0.796482   -0.807053   
0.051375   0.137935   0.225841   0.256498   0.247224   0.210471   0.150508   0.071812   -0.022258   -0.129900   -0.250648   -0.384268   -0.527835   -0.668917   -0.796278   -0.911803   -0.916490   -0.919441   -0.935377   -0.947587   
0.027777   0.131606   0.226618   0.255982   0.244575   0.202378   0.134110   0.044592   -0.062689   -0.185926   -0.324544   -0.478145   -0.641231   -0.798262   -0.944086   -1.059545   -1.055464   -1.071629   -1.089104   -1.103243   
-0.004482   0.121648   0.222605   0.252649   0.239550   0.191793   0.114730   0.013483   -0.108216   -0.248526   -0.406746   -0.581926   -0.765659   -0.940213   -1.107900   -1.223041   -1.219317   -1.240282   -1.258514   -1.274708   
-0.042073   0.107415   0.214057   0.246608   0.232186   0.178724   0.092288   -0.021647   -0.159053   -0.317986   -0.497592   -0.695743   -0.901895   -1.096162   -1.286993   -1.391921   -1.406921   -1.425341   -1.444252   -1.462850   
-0.082986   0.087821   0.201383   0.237878   0.222495   0.163153   0.066696   -0.060952   -0.215422   -0.394604   -0.597283   -0.820168   -1.050605   -1.267409   -1.479918   -1.576636   -1.606226   -1.627089   -1.647099   -1.668625   
-0.124175   0.062847   0.184691   0.226465   0.210466   0.145035   0.037853   -0.104597   -0.277548   -0.478625   -0.705983   -0.955875   -1.212689   -1.454539   -1.686152   -1.785986   -1.818916   -1.846208   -1.867924   -1.892983   


#  Thrust coefficient

0.040691   0.040733   0.040769   0.040809   0.040871   0.040985   0.041187   0.041519   0.042017   0.042713   0.043649   0.044879   0.046491   0.048702   0.051387   0.052989   0.052625   0.050497   0.046751   0.041678   
0.051441   0.051865   0.052375   0.053027   0.053889   0.055026   0.056485   0.058325   0.060628   0.063504   0.067217   0.071677   0.074222   0.073338   0.069644   0.063513   0.055508   0.046362   0.036721   0.026898   
0.066159   0.067427   0.069035   0.071088   0.073658   0.076830   0.080727   0.085479   0.091181   0.097373   0.099792   0.097027   0.090284   0.080332   0.068205   0.054957   0.041352   0.027683   0.014023   0.000322   
0.085800   0.088697   0.092329   0.096796   0.102252   0.108818   0.116087   0.123926   0.129288   0.126846   0.118465   0.105546   0.089552   0.071862   0.053621   0.035400   0.017313   -0.000740   -0.018838   -0.035916   
0.111546   0.117061   0.123816   0.131970   0.140961   0.149977   0.159026   0.162416   0.155617   0.141787   0.122984   0.101057   0.077626   0.054025   0.030729   0.007660   -0.015425   -0.038431   -0.059361   -0.075872   
0.144612   0.153928   0.164596   0.175520   0.185952   0.195691   0.198545   0.188464   0.169805   0.145368   0.117360   0.087802   0.058322   0.029356   0.000674   -0.028038   -0.056599   -0.082434   -0.102377   -0.112385   
0.186211   0.198906   0.211717   0.223499   0.233804   0.238316   0.226931   0.204396   0.174705   0.140589   0.104523   0.068524   0.033214   -0.001717   -0.036612   -0.071421   -0.103586   -0.128499   -0.147387   -0.105549   
0.234249   0.248850   0.262360   0.273302   0.280654   0.271488   0.246627   0.212508   0.172570   0.129762   0.086600   0.044220   0.002393   -0.039252   -0.080863   -0.120602   -0.152930   -0.177730   -0.151143   -0.108122   
0.286211   0.301946   0.314274   0.323603   0.320933   0.296698   0.259651   0.214680   0.165279   0.114496   0.064301   0.014889   -0.034121   -0.082987   -0.130935   -0.173104   -0.204270   -0.223387   -0.146332   -0.122381   
0.341010   0.356295   0.366834   0.371350   0.353588   0.316127   0.267640   0.212414   0.154021   0.095401   0.037658   -0.019397   -0.076067   -0.132316   -0.185270   -0.227408   -0.259604   -0.216171   -0.154158   -0.140250   
0.397450   0.411009   0.419188   0.413510   0.380730   0.331255   0.271808   0.206610   0.139390   0.072605   0.006756   -0.058411   -0.123067   -0.186385   -0.242610   -0.284160   -0.315539   -0.207555   -0.166799   -0.165838   
0.454270   0.465578   0.469409   0.450175   0.404060   0.343093   0.272877   0.197777   0.121621   0.046208   -0.028216   -0.101856   -0.174747   -0.244406   -0.302246   -0.344838   -0.346777   -0.220625   -0.192670   -0.193640   
0.510680   0.519378   0.516171   0.482788   0.424535   0.352265   0.271281   0.186265   0.100839   0.016363   -0.067036   -0.149481   -0.230706   -0.305828   -0.364169   -0.409418   -0.321628   -0.229726   -0.223289   -0.223249   
0.566557   0.571675   0.559384   0.512531   0.442717   0.359163   0.267337   0.172273   0.077187   -0.016763   -0.109510   -0.201130   -0.290582   -0.370193   -0.428961   -0.476038   -0.310389   -0.254146   -0.255614   -0.254590   
0.621664   0.621863   0.599428   0.540133   0.458974   0.364071   0.261299   0.155932   0.050806   -0.053025   -0.155501   -0.256679   -0.354060   -0.437032   -0.497783   -0.537859   -0.335892   -0.287294   -0.289402   -0.287702   
0.675216   0.670044   0.636786   0.566017   0.473573   0.367219   0.253380   0.137368   0.021811   -0.092317   -0.204918   -0.315968   -0.420733   -0.506489   -0.571305   -0.566358   -0.352981   -0.323803   -0.325003   -0.322423   
0.726463   0.716025   0.671912   0.590444   0.486725   0.368801   0.243715   0.116683   -0.009715   -0.134555   -0.257708   -0.378715   -0.490451   -0.579051   -0.649486   -0.537791   -0.380395   -0.362856   -0.362431   -0.358556   
0.776426   0.759608   0.705152   0.613600   0.498607   0.368984   0.232397   0.093957   -0.043710   -0.179677   -0.313784   -0.444587   -0.563406   -0.655359   -0.731482   -0.520023   -0.412123   -0.403956   -0.401531   -0.396058   
0.825937   0.800433   0.736800   0.635631   0.509369   0.367904   0.219499   0.069247   -0.080122   -0.227644   -0.372946   -0.513654   -0.639713   -0.735913   -0.815799   -0.542870   -0.448187   -0.446698   -0.442268   -0.434980   
0.876139   0.838943   0.766988   0.656667   0.519133   0.365659   0.205081   0.042597   -0.118908   -0.278368   -0.434973   -0.586081   -0.719678   -0.820554   -0.900527   -0.575323   -0.490038   -0.491008   -0.484667   -0.475373   


# Torque coefficient

0.001352   0.002052   0.002761   0.003479   0.004212   0.004972   0.005771   0.006625   0.007550   0.008553   0.009651   0.010866   0.012243   0.014024   0.016531   0.018682   0.019666   0.019659   0.018685   0.016865   
0.002132   0.003037   0.003974   0.004959   0.006013   0.007157   0.008403   0.009768   0.011278   0.012978   0.015163   0.018389   0.021119   0.022156   0.021887   0.020410   0.018004   0.014993   0.011633   0.008044   
0.002996   0.004205   0.005504   0.006919   0.008467   0.010167   0.012050   0.014187   0.016983   0.021041   0.023993   0.024707   0.023755   0.021511   0.018376   0.014688   0.010691   0.006474   0.002060   -0.002572   
0.004005   0.005648   0.007448   0.009423   0.011603   0.014020   0.016907   0.021063   0.025597   0.027039   0.026223   0.023884   0.020481   0.016377   0.011877   0.007132   0.002165   -0.003050   -0.008537   -0.013992   
0.005205   0.007388   0.009786   0.012417   0.015219   0.018767   0.024026   0.028417   0.028891   0.027212   0.024096   0.019959   0.015162   0.010008   0.004603   -0.001072   -0.007072   -0.013376   -0.019488   -0.024762   
0.006576   0.009367   0.012305   0.015320   0.019396   0.025368   0.030089   0.030348   0.028350   0.024841   0.020237   0.014920   0.009215   0.003217   -0.003119   -0.009856   -0.016962   -0.023865   -0.029785   -0.034387   
0.008009   0.011113   0.014242   0.018621   0.024986   0.030714   0.031589   0.029722   0.026161   0.021345   0.015678   0.009522   0.003007   -0.003919   -0.011319   -0.019189   -0.027024   -0.033832   -0.039840   -0.038826   
0.008824   0.012004   0.016366   0.022990   0.029809   0.032382   0.031144   0.027902   0.023168   0.017363   0.010886   0.003951   -0.003469   -0.011438   -0.019982   -0.028779   -0.036772   -0.043760   -0.046153   -0.043609   
0.008655   0.012657   0.019465   0.026917   0.032038   0.032251   0.029760   0.025466   0.019807   0.013205   0.005976   -0.001822   -0.010245   -0.019334   -0.028965   -0.038308   -0.046334   -0.053224   -0.050953   -0.049899   
0.007731   0.014213   0.022351   0.029352   0.032446   0.031289   0.027869   0.022727   0.016290   0.008958   0.000925   -0.007820   -0.017315   -0.027553   -0.038089   -0.047672   -0.056228   -0.059795   -0.057237   -0.056690   
0.007171   0.016091   0.024066   0.030456   0.031892   0.029876   0.025710   0.019841   0.012697   0.004617   -0.004290   -0.014044   -0.024660   -0.036016   -0.047252   -0.057090   -0.066131   -0.065154   -0.063955   -0.064617   
0.007452   0.017127   0.024892   0.030516   0.030845   0.028207   0.023408   0.016876   0.009040   0.000166   -0.009672   -0.020484   -0.032262   -0.044664   -0.056440   -0.066876   -0.074732   -0.072376   -0.071961   -0.073097   
0.007691   0.016947   0.025174   0.029865   0.029525   0.026390   0.021022   0.013859   0.005310   -0.004401   -0.015218   -0.027135   -0.040104   -0.053476   -0.065722   -0.077079   -0.082477   -0.080624   -0.080879   -0.082043   
0.007201   0.016011   0.024923   0.028778   0.028038   0.024481   0.018580   0.010794   0.001504   -0.009086   -0.020928   -0.034004   -0.048170   -0.062440   -0.075236   -0.087433   -0.089350   -0.088921   -0.090256   -0.091454   
0.005495   0.014752   0.024154   0.027433   0.026441   0.022510   0.016097   0.007680   -0.002381   -0.013893   -0.026807   -0.041098   -0.056453   -0.071542   -0.085163   -0.097519   -0.098020   -0.098336   -0.100040   -0.101346   
0.002813   0.013327   0.022948   0.025921   0.024766   0.020493   0.013580   0.004516   -0.006348   -0.018827   -0.032864   -0.048418   -0.064933   -0.080834   -0.095601   -0.107293   -0.106879   -0.108516   -0.110286   -0.111718   
-0.000431   0.011696   0.021403   0.024292   0.023032   0.018441   0.011031   0.001296   -0.010405   -0.023895   -0.039108   -0.055951   -0.073617   -0.090400   -0.106523   -0.117594   -0.117236   -0.119251   -0.121004   -0.122562   
-0.003851   0.009831   0.019592   0.022571   0.021251   0.016358   0.008447   -0.001981   -0.014558   -0.029104   -0.045543   -0.063679   -0.082547   -0.100328   -0.117794   -0.127397   -0.128770   -0.130456   -0.132187   -0.133889   
-0.007247   0.007669   0.017586   0.020773   0.019430   0.014248   0.005824   -0.005323   -0.018812   -0.034460   -0.052159   -0.071623   -0.091747   -0.110680   -0.129238   -0.137684   -0.140268   -0.142090   -0.143837   -0.145717   
-0.010368   0.005248   0.015421   0.018909   0.017573   0.012110   0.003161   -0.008734   -0.023175   -0.039964   -0.058948   -0.079813   -0.101257   -0.121450   -0.140790   -0.149125   -0.151875   -0.154154   -0.155967   -0.158059   

